    ord_no  purch_amt  customer_id  sales_id
0    70001     150.50         3005      5002
1    70009     270.65         3001      5003
2    70002      65.26         3002      5004
3    70004     110.50         3009      5003
4    70007     948.50         3005      5002
5    70005    2400.60         3007      5001
6    70008    5760.00         3002      5005
7    70010    1983.43         3004      5007
8    70003    2480.40         3009      5008
9    70012     250.45         3008      5004
10   70011      75.29         3003      5005
11   70013    3045.60         3002      5001 