    ord_no  purch_amt    ord_date  customer_id  salesman_id
0    70001     150.50  05-10-2012         3001         5002
1    70009     270.65  09-10-2012         3001         5005
2    70002      65.26  05-10-2012         3005         5001
3    70004     110.50  08-17-2012         3001         5003
4    70007     948.50  10-09-2012         3005         5002
5    70005    2400.60  07-27-2012         3001         5001
6    70008    5760.00  10-09-2012         3005         5001
7    70010    1983.43  10-10-2012         3001         5006
8    70003    2480.40  10-10-2012         3005         5003
9    70012     250.45  06-17-2012         3001         5002
10   70011      75.29  07-08-2012         3005         5007
11   70013    3045.60  04-25-2012         3005         5001