   ord_no purch_amt    ord_date customer_id salesman_id
0   70001     150.5           ?        3002        5002
1     NaN    270.65  2012-09-10        3001        5003
2   70002     65.26         NaN        3001           ?
3   70004     110.5  2012-08-17        3003        5001
4     NaN     948.5  2012-09-10        3002         NaN
5   70005    2400.6  2012-07-27        3001        5002
6      --      5760  2012-09-10        3001        5001
7   70010         ?  2012-10-10        3004           ?
8   70003     12.43  2012-10-10          --        5003
9   70012    2480.4  2012-06-27        3002        5002
10    NaN    250.45  2012-08-17        3001        5003
11  70013    3045.6  2012-04-25        3001          --